9.932480000000000198e-01 9.061569999999999903e-01 1.439360000000000084e-01 1.000000000000000000e+00
7.623729999999999674e-01 8.764239999999999808e-01 1.370639999999999914e-01 1.000000000000000000e+00
5.257760000000000211e-01 8.334909999999999819e-01 2.881270000000000220e-01 1.000000000000000000e+00
3.198090000000000099e-01 7.709139999999999882e-01 4.111520000000000175e-01 1.000000000000000000e+00
1.663830000000000031e-01 6.908560000000000256e-01 4.965019999999999989e-01 1.000000000000000000e+00
1.195119999999999932e-01 6.074640000000000040e-01 5.402179999999999760e-01 1.000000000000000000e+00
1.433429999999999982e-01 5.227730000000000432e-01 5.562949999999999839e-01 1.000000000000000000e+00
1.774229999999999974e-01 4.375269999999999992e-01 5.575649999999999773e-01 1.000000000000000000e+00
2.200570000000000026e-01 3.433069999999999733e-01 5.494130000000000402e-01 1.000000000000000000e+00
2.621379999999999821e-01 2.422860000000000014e-01 5.208369999999999944e-01 1.000000000000000000e+00
2.830719999999999903e-01 1.308950000000000113e-01 4.492410000000000014e-01 1.000000000000000000e+00
2.670040000000000191e-01 4.873999999999999860e-03 3.294150000000000134e-01 1.000000000000000000e+00
