4.000000000000000000e+02
4.020000000000000000e+02
4.040000000000000000e+02
4.060000000000000000e+02
4.080000000000000000e+02
4.100000000000000000e+02
4.120000000000000000e+02
4.140000000000000000e+02
4.160000000000000000e+02
4.180000000000000000e+02
4.200000000000000000e+02
4.220000000000000000e+02
4.240000000000000000e+02
4.260000000000000000e+02
4.280000000000000000e+02
4.300000000000000000e+02
4.320000000000000000e+02
4.340000000000000000e+02
4.360000000000000000e+02
4.380000000000000000e+02
4.400000000000000000e+02
4.420000000000000000e+02
4.440000000000000000e+02
4.460000000000000000e+02
4.480000000000000000e+02
4.500000000000000000e+02
4.520000000000000000e+02
4.540000000000000000e+02
4.560000000000000000e+02
4.580000000000000000e+02
4.600000000000000000e+02
4.620000000000000000e+02
4.640000000000000000e+02
4.660000000000000000e+02
4.680000000000000000e+02
4.700000000000000000e+02
4.720000000000000000e+02
4.740000000000000000e+02
4.760000000000000000e+02
4.780000000000000000e+02
4.800000000000000000e+02
4.820000000000000000e+02
4.840000000000000000e+02
4.860000000000000000e+02
4.880000000000000000e+02
4.900000000000000000e+02
4.920000000000000000e+02
4.940000000000000000e+02
4.960000000000000000e+02
4.980000000000000000e+02
5.000000000000000000e+02
5.020000000000000000e+02
5.040000000000000000e+02
5.060000000000000000e+02
5.080000000000000000e+02
5.100000000000000000e+02
5.120000000000000000e+02
5.140000000000000000e+02
5.160000000000000000e+02
5.180000000000000000e+02
5.200000000000000000e+02
5.220000000000000000e+02
5.240000000000000000e+02
5.260000000000000000e+02
5.280000000000000000e+02
5.300000000000000000e+02
5.320000000000000000e+02
5.340000000000000000e+02
5.360000000000000000e+02
5.380000000000000000e+02
5.400000000000000000e+02
5.420000000000000000e+02
5.440000000000000000e+02
5.460000000000000000e+02
5.480000000000000000e+02
5.500000000000000000e+02
5.520000000000000000e+02
5.540000000000000000e+02
5.560000000000000000e+02
5.580000000000000000e+02
5.600000000000000000e+02
5.620000000000000000e+02
5.640000000000000000e+02
5.660000000000000000e+02
5.680000000000000000e+02
5.700000000000000000e+02
5.720000000000000000e+02
5.740000000000000000e+02
5.760000000000000000e+02
5.780000000000000000e+02
5.800000000000000000e+02
5.820000000000000000e+02
5.840000000000000000e+02
5.860000000000000000e+02
5.880000000000000000e+02
5.900000000000000000e+02
5.920000000000000000e+02
5.940000000000000000e+02
5.960000000000000000e+02
5.980000000000000000e+02
6.000000000000000000e+02
6.020000000000000000e+02
6.040000000000000000e+02
6.060000000000000000e+02
6.080000000000000000e+02
6.100000000000000000e+02
6.120000000000000000e+02
6.140000000000000000e+02
6.160000000000000000e+02
6.180000000000000000e+02
6.200000000000000000e+02
6.220000000000000000e+02
6.240000000000000000e+02
6.260000000000000000e+02
6.280000000000000000e+02
6.300000000000000000e+02
6.320000000000000000e+02
6.340000000000000000e+02
6.360000000000000000e+02
6.380000000000000000e+02
6.400000000000000000e+02
6.420000000000000000e+02
6.440000000000000000e+02
6.460000000000000000e+02
6.480000000000000000e+02
6.500000000000000000e+02
6.520000000000000000e+02
6.540000000000000000e+02
6.560000000000000000e+02
6.580000000000000000e+02
6.600000000000000000e+02
6.620000000000000000e+02
6.640000000000000000e+02
6.660000000000000000e+02
6.680000000000000000e+02
6.700000000000000000e+02
6.720000000000000000e+02
6.740000000000000000e+02
6.760000000000000000e+02
6.780000000000000000e+02
6.800000000000000000e+02
6.820000000000000000e+02
6.840000000000000000e+02
6.860000000000000000e+02
6.880000000000000000e+02
6.900000000000000000e+02
6.920000000000000000e+02
6.940000000000000000e+02
6.960000000000000000e+02
6.980000000000000000e+02
7.000000000000000000e+02
7.020000000000000000e+02
7.040000000000000000e+02
7.060000000000000000e+02
7.080000000000000000e+02
7.100000000000000000e+02
7.120000000000000000e+02
7.140000000000000000e+02
7.160000000000000000e+02
7.180000000000000000e+02
7.200000000000000000e+02
7.220000000000000000e+02
7.240000000000000000e+02
7.260000000000000000e+02
7.280000000000000000e+02
7.300000000000000000e+02
7.320000000000000000e+02
7.340000000000000000e+02
7.360000000000000000e+02
7.380000000000000000e+02
7.400000000000000000e+02
7.420000000000000000e+02
7.440000000000000000e+02
7.460000000000000000e+02
7.480000000000000000e+02
7.500000000000000000e+02
7.520000000000000000e+02
7.540000000000000000e+02
7.560000000000000000e+02
7.580000000000000000e+02
7.600000000000000000e+02
7.620000000000000000e+02
7.640000000000000000e+02
7.660000000000000000e+02
7.680000000000000000e+02
7.700000000000000000e+02
7.720000000000000000e+02
7.740000000000000000e+02
7.760000000000000000e+02
7.780000000000000000e+02
7.800000000000000000e+02
7.820000000000000000e+02
7.840000000000000000e+02
7.860000000000000000e+02
7.880000000000000000e+02
7.900000000000000000e+02
7.920000000000000000e+02
7.940000000000000000e+02
7.960000000000000000e+02
7.980000000000000000e+02
8.000000000000000000e+02
